alpha: 7.7264966146847325
alphabh: 1.6
mbhmax: 10.0
mmax: 2.2692741701880044
mmin: 1.2089800212325001
