alpha_1: 1.7282865329473678
alpha_2: 4.511690397723029
beta: 1.1709777343204348
break_mass: 35.62233389357822
delta_m_1: 4.320691590156577
delta_m_2: 4.910052811883009
lam_0: 0.36102328981694193
lam_1: 0.5860680995810035
mlow_1: 5.058572081868678
mlow_2: 3.5511378810761487
mmax: 300.0
mpp_1: 9.763667347989355
mpp_2: 32.76291758105389
sigpp_1: 0.6491643865532204
sigpp_2: 3.9181194675793933
