alphabh: 1.6
mbhmax: 10.0
mmax: 1.9773390649039868
mmin: 1.1019751740411985
mu: 1.35188496917987
sigma: 0.6806544108620435
